{
    "camera": {
        "position": [
            [
                -0.03996803834887164, 
                -2.220446049250313e-16, 
                0.9992009587217894
            ], 
            [
                0.9992009587217894, 
                0.0, 
                0.03996803834887164
            ], 
            [
                0.0, 
                1.0, 
                2.220446049250313e-16
            ]
        ], 
        "rotation": [
            [
                -0.03996803834887164, 
                -2.220446049250313e-16, 
                0.9992009587217894
            ], 
            [
                0.9992009587217894, 
                0.0, 
                0.03996803834887164
            ], 
            [
                0.0, 
                1.0, 
                2.220446049250313e-16
            ]
        ], 
        "pose": [
            [
                -0.03996803834887164, 
                -2.220446049250313e-16, 
                0.9992009587217894, 
                0.49880111859391724
            ], 
            [
                0.9992009587217894, 
                0.0, 
                0.03996803834887164, 
                0.03996803834887161
            ], 
            [
                0.0, 
                1.0, 
                2.220446049250313e-16, 
                1.1102230246251565e-16
            ], 
            [
                0.0, 
                0.0, 
                0.0, 
                1.0
            ]
        ], 
        "name": "left_camera"
    }, 
    "needle": {
        "position": [
            -0.20841574040468824, 
            0.5620551807231269, 
            0.7117253257866584
        ], 
        "rotation": [
            [
                0.9995446245271444, 
                -0.002423202418106005, 
                0.0300777603709308
            ], 
            [
                0.0033323044253669226, 
                0.9995379638173536, 
                -0.030211829389757094
            ], 
            [
                -0.029990653979313792, 
                0.030298299917652077, 
                0.9990908735925845
            ]
        ], 
        "pose": [
            [
                0.9995446245271444, 
                -0.002423202418106005, 
                0.0300777603709308, 
                -0.20841574040468824
            ], 
            [
                0.0033323044253669226, 
                0.9995379638173536, 
                -0.030211829389757094, 
                0.5620551807231269
            ], 
            [
                -0.029990653979313792, 
                0.030298299917652077, 
                0.9990908735925845, 
                0.7117253257866584
            ], 
            [
                0.0, 
                0.0, 
                0.0, 
                1.0
            ]
        ], 
        "name": "needle"
    }
}