{
    "camera": {
        "position": [
            [
                -0.03996803834887164, 
                -2.220446049250313e-16, 
                0.9992009587217894
            ], 
            [
                0.9992009587217894, 
                0.0, 
                0.03996803834887164
            ], 
            [
                0.0, 
                1.0, 
                2.220446049250313e-16
            ]
        ], 
        "rotation": [
            [
                -0.03996803834887164, 
                -2.220446049250313e-16, 
                0.9992009587217894
            ], 
            [
                0.9992009587217894, 
                0.0, 
                0.03996803834887164
            ], 
            [
                0.0, 
                1.0, 
                2.220446049250313e-16
            ]
        ], 
        "pose": [
            [
                -0.03996803834887164, 
                -2.220446049250313e-16, 
                0.9992009587217894, 
                0.49880111859391724
            ], 
            [
                0.9992009587217894, 
                0.0, 
                0.03996803834887164, 
                0.03996803834887161
            ], 
            [
                0.0, 
                1.0, 
                2.220446049250313e-16, 
                1.1102230246251565e-16
            ], 
            [
                0.0, 
                0.0, 
                0.0, 
                1.0
            ]
        ], 
        "name": "left_camera"
    }, 
    "needle": {
        "position": [
            -0.20791733952064853, 
            0.5619949669893768, 
            0.7117253254847175
        ], 
        "rotation": [
            [
                0.9995501787105756, 
                0.0009363908465672755, 
                0.029976047301779562
            ], 
            [
                -2.7316200975708454e-05, 
                0.9995404624326334, 
                -0.03031275661800257
            ], 
            [
                -0.02999065676975456, 
                0.0302983024630021, 
                0.9990908734316308
            ]
        ], 
        "pose": [
            [
                0.9995501787105756, 
                0.0009363908465672755, 
                0.029976047301779562, 
                -0.20791733952064853
            ], 
            [
                -2.7316200975708454e-05, 
                0.9995404624326334, 
                -0.03031275661800257, 
                0.5619949669893768
            ], 
            [
                -0.02999065676975456, 
                0.0302983024630021, 
                0.9990908734316308, 
                0.7117253254847175
            ], 
            [
                0.0, 
                0.0, 
                0.0, 
                1.0
            ]
        ], 
        "name": "needle"
    }
}