{
    "cam_l": {
        "position": [
            0.49880111859391724, 
            0.03996803834887161, 
            1.1102230246251565e-16
        ], 
        "rotation": [
            [
                -0.03996803834887164, 
                -2.220446049250313e-16, 
                0.9992009587217894
            ], 
            [
                0.9992009587217894, 
                0.0, 
                0.03996803834887164
            ], 
            [
                0.0, 
                1.0, 
                2.220446049250313e-16
            ]
        ], 
        "pose": [
            [
                -0.03996803834887164, 
                -2.220446049250313e-16, 
                0.9992009587217894, 
                0.49880111859391724
            ], 
            [
                0.9992009587217894, 
                0.0, 
                0.03996803834887164, 
                0.03996803834887161
            ], 
            [
                0.0, 
                1.0, 
                2.220446049250313e-16, 
                1.1102230246251565e-16
            ], 
            [
                0.0, 
                0.0, 
                0.0, 
                1.0
            ]
        ], 
        "name": "cam_l"
    }, 
    "needle": {
        "position": [
            -0.20781215720570279, 
            0.5619044828224226, 
            0.7117255780869972
        ], 
        "rotation": [
            [
                0.9995501824888597, 
                0.0005117829077834718, 
                0.029986176227429204
            ], 
            [
                0.00039714125635584817, 
                0.9995408420683942, 
                -0.030297645387523785
            ], 
            [
                -0.029987913653831265, 
                0.030295925723782428, 
                0.9990910278444249
            ]
        ], 
        "pose": [
            [
                0.9995501824888597, 
                0.0005117829077834718, 
                0.029986176227429204, 
                -0.20781215720570279
            ], 
            [
                0.00039714125635584817, 
                0.9995408420683942, 
                -0.030297645387523785, 
                0.5619044828224226
            ], 
            [
                -0.029987913653831265, 
                0.030295925723782428, 
                0.9990910278444249, 
                0.7117255780869972
            ], 
            [
                0.0, 
                0.0, 
                0.0, 
                1.0
            ]
        ], 
        "name": "needle"
    }, 
    "cam_frame": {
        "position": [
            -0.2542155580558576, 
            0.25246139098679, 
            -1.8071267706410097
        ], 
        "rotation": [
            [
                -0.98185923662124, 
                0.18391506667863927, 
                0.046126865384442425
            ], 
            [
                -0.15355141845331488, 
                -0.9139653056461151, 
                0.37561866562542545
            ], 
            [
                0.11124028655382816, 
                0.3617218106830743, 
                0.9256256966634122
            ]
        ], 
        "pose": [
            [
                -0.98185923662124, 
                0.18391506667863927, 
                0.046126865384442425, 
                -0.2542155580558576
            ], 
            [
                -0.15355141845331488, 
                -0.9139653056461151, 
                0.37561866562542545, 
                0.25246139098679
            ], 
            [
                0.11124028655382816, 
                0.3617218106830743, 
                0.9256256966634122, 
                -1.8071267706410097
            ], 
            [
                0.0, 
                0.0, 
                0.0, 
                1.0
            ]
        ], 
        "name": "cam_frame"
    }
}